function [T] = reconstruct_T_polynomial_approximation(H, P)

    %p = [7277, -2139, 14.76, 204, -1.895, -0.008483, -6.358, 0.05758, 0.0006813];

    %T = p(1) + p(2).*H + p(3).*P + p(4).*H.^2 + p(5).*H.*P + p(6).*P.^2 + p(7).*H.^3 + p(8).*H.^2.*P + p(9).*H.*P.^2 ;
    p = [0.7793, 0.1185, 0.2601, 0.05594, -0.2521, 0.02087, -0.04466, 0.07846, -0.01329];
    T = p(1) + p(2).*H + p(3).*P + p(4).*H.^2 + p(5).*H.*P + p(6).*P.^2 + p(7).*H.^3 + p(8).*H.^2.*P + p(9).*H.*P.^2;

end